112
112
112
112
112
112
112
112
112
112
112
111
112
111
111
112
112
112
111
112
111
111
111
112
111
112
112
112
111
112
111
111
111
112
111
112
112
112
112
112
113
112
112
112
112
112
113
113
113
112
113
112
113
114
114
112
112
112
115
116
116
112
112
112
114
116
116
113
112
112
113
115
115
114
113
112
114
115
117
115
114
115
118
119
120
121
121
122
122
123
123
123
125
125
126
127
127
129
130
130
131
132
133
134
135
135
135
136
138
138
139
140
140
141
141
142
143
143
144
144
144
145
146
146
147
147
149
149
149
150
151
151
151
152
152
153
153
154
155
155
156
156
157
157
158
158
159
159
160
160
161
162
162
163
163
163
165
165
166
166
166
167
168
168
169
169
170
170
171
172
172
173
173
174
175
174
175
176
176
177
177
178
177
178
179
179
180
180
180
180
180
181
182
181
182
182
182
183
183
184
184
184
185
184
186
185
185
186
186
186
187
187
187
188
188
187
188
189
188
189
189
189
189
190
190
190
191
192
191
192
192
193
193
193
194
194
194
195
195
196
196
196
195
195
197
197
197
198
197
198
197
198
199
198
199
199
199
200
201
201
200
201
201
201
201
202
202
203
204
203
203
204
204
203
204
204
205
204
205
205
205
205
206
206
207
206
207
207
207
207
207
208
207
207
207
208
208
208
208
209
209
209
209
209
210
209
210
209
209
210
210
210
210
210
211
210
211
211
211
211
211
211
211
211
211
212
212
211
212
212
212
212
213
212
213
213
213
214
213
213
213
214
214
214
214
214
214
214
214
214
214
215
215
214
215
214
215
215
216
216
215
217
216
216
216
216
216
217
217
216
217
216
218
217
217
218
218
218
218
217
218
218
218
218
219
219
218
218
218
219
16.011338233947754sec