143
142
143
143
143
142
142
142
143
143
142
142
142
142
143
142
142
143
142
142
142
142
142
142
142
142
143
142
142
143
143
143
142
143
143
142
142
142
143
142
142
142
142
142
143
142
142
142
142
142
142
142
142
142
142
143
143
142
142
142
142
143
142
142
142
143
142
142
142
142
142
142
142
142
142
142
142
142
142
142
142
142
143
143
142
142
141
143
142
142
142
143
143
142
143
142
142
142
142
142
142
142
142
142
142
142
142
142
143
142
143
142
143
142
143
142
142
142
143
142
142
142
142
142
142
142
142
142
142
142
143
142
142
142
142
142
142
143
142
141
142
142
142
143
142
143
143
143
143
143
143
143
145
145
145
146
146
147
147
147
148
148
149
150
150
151
151
152
152
153
153
154
154
155
156
156
157
158
158
158
158
159
159
160
161
161
162
163
163
163
164
164
165
165
166
167
167
168
168
169
169
170
171
171
171
172
173
173
174
175
174
175
176
176
178
177
178
178
178
179
179
180
181
180
181
182
181
183
182
183
183
183
184
184
185
185
185
186
186
186
186
187
187
187
187
188
188
189
189
189
189
190
190
190
191
191
191
191
192
192
192
192
192
193
193
193
193
193
194
195
195
195
195
195
196
196
196
197
197
196
197
197
197
198
198
198
197
198
199
199
199
199
199
200
200
200
201
201
201
201
201
202
202
202
202
203
202
204
204
204
203
204
204
205
205
205
205
205
205
206
206
207
207
207
207
207
207
208
207
209
208
208
208
209
208
208
208
209
209
210
210
210
210
211
211
211
211
211
211
211
209
208
200
196
203
207
210
210
209
208
200
194
188
191
199
205
207
208
206
202
198
194
193
196
199
203
205
205
204
202
200
198
199
199
200
201
203
204
204
203
203
16.024898052215576sec